[IMP_CARD]
numX=16
numY=7
numZ=5
cardnum=18
Internaltime=5
Totalnum=560
350,0,0.000000,20.000000,30.000000
-1,6,80.000000,20.000000,30.000000
-1,6,160.000000,20.000000,30.000000
-1,6,240.000000,20.000000,30.000000
339,0,320.000000,20.000000,30.000000
-1,6,400.000000,20.000000,30.000000
-1,6,480.000000,20.000000,30.000000
-1,6,560.000000,20.000000,30.000000
329,0,640.000000,20.000000,30.000000
-1,6,720.000000,20.000000,30.000000
-1,6,800.000000,20.000000,30.000000
-1,6,880.000000,20.000000,30.000000
319,0,960.000000,20.000000,30.000000
-1,6,1040.000000,20.000000,30.000000
313,0,1120.000000,20.000000,30.000000
308,0,1200.000000,20.000000,30.000000
-1,6,0.000000,80.000000,30.000000
-1,6,80.000000,80.000000,30.000000
-1,6,160.000000,80.000000,30.000000
-1,6,240.000000,80.000000,30.000000
-1,6,320.000000,80.000000,30.000000
-1,6,400.000000,80.000000,30.000000
-1,6,480.000000,80.000000,30.000000
-1,6,560.000000,80.000000,30.000000
-1,6,640.000000,80.000000,30.000000
-1,6,720.000000,80.000000,30.000000
-1,6,800.000000,80.000000,30.000000
-1,6,880.000000,80.000000,30.000000
-1,6,960.000000,80.000000,30.000000
-1,6,1040.000000,80.000000,30.000000
-1,6,1120.000000,80.000000,30.000000
-1,6,1200.000000,80.000000,30.000000
351,0,0.000000,140.000000,30.000000
-1,6,80.000000,140.000000,30.000000
345,0,160.000000,140.000000,30.000000
-1,6,240.000000,140.000000,30.000000
340,0,320.000000,140.000000,30.000000
-1,6,400.000000,140.000000,30.000000
335,0,480.000000,140.000000,30.000000
-1,6,560.000000,140.000000,30.000000
330,0,640.000000,140.000000,30.000000
-1,6,720.000000,140.000000,30.000000
325,0,800.000000,140.000000,30.000000
-1,6,880.000000,140.000000,30.000000
320,0,960.000000,140.000000,30.000000
-1,6,1040.000000,140.000000,30.000000
314,0,1120.000000,140.000000,30.000000
309,0,1200.000000,140.000000,30.000000
352,0,0.000000,200.000000,30.000000
349,0,80.000000,200.000000,30.000000
346,0,160.000000,200.000000,30.000000
344,0,240.000000,200.000000,30.000000
341,0,320.000000,200.000000,30.000000
338,0,400.000000,200.000000,30.000000
336,0,480.000000,200.000000,30.000000
334,0,560.000000,200.000000,30.000000
331,0,640.000000,200.000000,30.000000
328,0,720.000000,200.000000,30.000000
326,0,800.000000,200.000000,30.000000
324,0,880.000000,200.000000,30.000000
321,0,960.000000,200.000000,30.000000
318,0,1040.000000,200.000000,30.000000
315,0,1120.000000,200.000000,30.000000
310,0,1200.000000,200.000000,30.000000
353,0,0.000000,260.000000,30.000000
-1,6,80.000000,260.000000,30.000000
347,0,160.000000,260.000000,30.000000
-1,6,240.000000,260.000000,30.000000
342,0,320.000000,260.000000,30.000000
-1,6,400.000000,260.000000,30.000000
337,0,480.000000,260.000000,30.000000
-1,6,560.000000,260.000000,30.000000
332,0,640.000000,260.000000,30.000000
-1,6,720.000000,260.000000,30.000000
327,0,800.000000,260.000000,30.000000
-1,6,880.000000,260.000000,30.000000
322,0,960.000000,260.000000,30.000000
-1,6,1040.000000,260.000000,30.000000
316,0,1120.000000,260.000000,30.000000
311,0,1200.000000,260.000000,30.000000
-1,6,0.000000,320.000000,30.000000
-1,6,80.000000,320.000000,30.000000
-1,6,160.000000,320.000000,30.000000
-1,6,240.000000,320.000000,30.000000
-1,6,320.000000,320.000000,30.000000
-1,6,400.000000,320.000000,30.000000
-1,6,480.000000,320.000000,30.000000
-1,6,560.000000,320.000000,30.000000
-1,6,640.000000,320.000000,30.000000
-1,6,720.000000,320.000000,30.000000
-1,6,800.000000,320.000000,30.000000
-1,6,880.000000,320.000000,30.000000
-1,6,960.000000,320.000000,30.000000
-1,6,1040.000000,320.000000,30.000000
-1,6,1120.000000,320.000000,30.000000
-1,6,1200.000000,320.000000,30.000000
354,0,0.000000,380.000000,30.000000
-1,6,80.000000,380.000000,30.000000
348,0,160.000000,380.000000,30.000000
-1,6,240.000000,380.000000,30.000000
343,0,320.000000,380.000000,30.000000
-1,6,400.000000,380.000000,30.000000
-1,6,480.000000,380.000000,30.000000
-1,6,560.000000,380.000000,30.000000
333,0,640.000000,380.000000,30.000000
-1,6,720.000000,380.000000,30.000000
-1,6,800.000000,380.000000,30.000000
-1,6,880.000000,380.000000,30.000000
323,0,960.000000,380.000000,30.000000
-1,6,1040.000000,380.000000,30.000000
317,0,1120.000000,380.000000,30.000000
312,0,1200.000000,380.000000,30.000000
301,0,0.000000,20.000000,90.000000
-1,6,80.000000,20.000000,90.000000
294,0,160.000000,20.000000,90.000000
-1,6,240.000000,20.000000,90.000000
287,0,320.000000,20.000000,90.000000
-1,6,400.000000,20.000000,90.000000
280,0,480.000000,20.000000,90.000000
-1,6,560.000000,20.000000,90.000000
273,0,640.000000,20.000000,90.000000
-1,6,720.000000,20.000000,90.000000
266,0,800.000000,20.000000,90.000000
259,0,880.000000,20.000000,90.000000
252,0,960.000000,20.000000,90.000000
245,0,1040.000000,20.000000,90.000000
238,0,1120.000000,20.000000,90.000000
231,0,1200.000000,20.000000,90.000000
302,0,0.000000,80.000000,90.000000
-1,6,80.000000,80.000000,90.000000
295,0,160.000000,80.000000,90.000000
-1,6,240.000000,80.000000,90.000000
288,0,320.000000,80.000000,90.000000
-1,6,400.000000,80.000000,90.000000
281,0,480.000000,80.000000,90.000000
-1,6,560.000000,80.000000,90.000000
274,0,640.000000,80.000000,90.000000
-1,6,720.000000,80.000000,90.000000
267,0,800.000000,80.000000,90.000000
260,0,880.000000,80.000000,90.000000
253,0,960.000000,80.000000,90.000000
246,0,1040.000000,80.000000,90.000000
239,0,1120.000000,80.000000,90.000000
232,0,1200.000000,80.000000,90.000000
303,0,0.000000,140.000000,90.000000
-1,6,80.000000,140.000000,90.000000
296,0,160.000000,140.000000,90.000000
-1,6,240.000000,140.000000,90.000000
289,0,320.000000,140.000000,90.000000
-1,6,400.000000,140.000000,90.000000
282,0,480.000000,140.000000,90.000000
-1,6,560.000000,140.000000,90.000000
275,0,640.000000,140.000000,90.000000
-1,6,720.000000,140.000000,90.000000
268,0,800.000000,140.000000,90.000000
261,0,880.000000,140.000000,90.000000
254,0,960.000000,140.000000,90.000000
247,0,1040.000000,140.000000,90.000000
240,0,1120.000000,140.000000,90.000000
233,0,1200.000000,140.000000,90.000000
304,0,0.000000,200.000000,90.000000
-1,6,80.000000,200.000000,90.000000
297,0,160.000000,200.000000,90.000000
-1,6,240.000000,200.000000,90.000000
290,0,320.000000,200.000000,90.000000
-1,6,400.000000,200.000000,90.000000
283,0,480.000000,200.000000,90.000000
-1,6,560.000000,200.000000,90.000000
276,0,640.000000,200.000000,90.000000
-1,6,720.000000,200.000000,90.000000
269,0,800.000000,200.000000,90.000000
262,0,880.000000,200.000000,90.000000
255,0,960.000000,200.000000,90.000000
248,0,1040.000000,200.000000,90.000000
241,0,1120.000000,200.000000,90.000000
234,0,1200.000000,200.000000,90.000000
305,0,0.000000,260.000000,90.000000
-1,6,80.000000,260.000000,90.000000
298,0,160.000000,260.000000,90.000000
-1,6,240.000000,260.000000,90.000000
291,0,320.000000,260.000000,90.000000
-1,6,400.000000,260.000000,90.000000
284,0,480.000000,260.000000,90.000000
-1,6,560.000000,260.000000,90.000000
277,0,640.000000,260.000000,90.000000
-1,6,720.000000,260.000000,90.000000
270,0,800.000000,260.000000,90.000000
263,0,880.000000,260.000000,90.000000
256,0,960.000000,260.000000,90.000000
249,0,1040.000000,260.000000,90.000000
242,0,1120.000000,260.000000,90.000000
235,0,1200.000000,260.000000,90.000000
306,0,0.000000,320.000000,90.000000
-1,6,80.000000,320.000000,90.000000
299,0,160.000000,320.000000,90.000000
-1,6,240.000000,320.000000,90.000000
292,0,320.000000,320.000000,90.000000
-1,6,400.000000,320.000000,90.000000
285,0,480.000000,320.000000,90.000000
-1,6,560.000000,320.000000,90.000000
278,0,640.000000,320.000000,90.000000
-1,6,720.000000,320.000000,90.000000
271,0,800.000000,320.000000,90.000000
264,0,880.000000,320.000000,90.000000
257,0,960.000000,320.000000,90.000000
250,0,1040.000000,320.000000,90.000000
243,0,1120.000000,320.000000,90.000000
236,0,1200.000000,320.000000,90.000000
307,0,0.000000,380.000000,90.000000
-1,6,80.000000,380.000000,90.000000
300,0,160.000000,380.000000,90.000000
-1,6,240.000000,380.000000,90.000000
293,0,320.000000,380.000000,90.000000
-1,6,400.000000,380.000000,90.000000
286,0,480.000000,380.000000,90.000000
-1,6,560.000000,380.000000,90.000000
279,0,640.000000,380.000000,90.000000
-1,6,720.000000,380.000000,90.000000
272,0,800.000000,380.000000,90.000000
265,0,880.000000,380.000000,90.000000
258,0,960.000000,380.000000,90.000000
251,0,1040.000000,380.000000,90.000000
244,0,1120.000000,380.000000,90.000000
237,0,1200.000000,380.000000,90.000000
224,0,0.000000,20.000000,150.000000
-1,6,80.000000,20.000000,150.000000
217,0,160.000000,20.000000,150.000000
-1,6,240.000000,20.000000,150.000000
210,0,320.000000,20.000000,150.000000
-1,6,400.000000,20.000000,150.000000
203,0,480.000000,20.000000,150.000000
-1,6,560.000000,20.000000,150.000000
196,0,640.000000,20.000000,150.000000
-1,6,720.000000,20.000000,150.000000
189,0,800.000000,20.000000,150.000000
182,0,880.000000,20.000000,150.000000
175,0,960.000000,20.000000,150.000000
168,0,1040.000000,20.000000,150.000000
161,0,1120.000000,20.000000,150.000000
154,0,1200.000000,20.000000,150.000000
225,0,0.000000,80.000000,150.000000
-1,6,80.000000,80.000000,150.000000
218,0,160.000000,80.000000,150.000000
-1,6,240.000000,80.000000,150.000000
211,0,320.000000,80.000000,150.000000
-1,6,400.000000,80.000000,150.000000
204,0,480.000000,80.000000,150.000000
-1,6,560.000000,80.000000,150.000000
197,0,640.000000,80.000000,150.000000
-1,6,720.000000,80.000000,150.000000
190,0,800.000000,80.000000,150.000000
183,0,880.000000,80.000000,150.000000
176,0,960.000000,80.000000,150.000000
169,0,1040.000000,80.000000,150.000000
162,0,1120.000000,80.000000,150.000000
155,0,1200.000000,80.000000,150.000000
226,0,0.000000,140.000000,150.000000
-1,6,80.000000,140.000000,150.000000
219,0,160.000000,140.000000,150.000000
-1,6,240.000000,140.000000,150.000000
212,0,320.000000,140.000000,150.000000
-1,6,400.000000,140.000000,150.000000
205,0,480.000000,140.000000,150.000000
-1,6,560.000000,140.000000,150.000000
198,0,640.000000,140.000000,150.000000
-1,6,720.000000,140.000000,150.000000
191,0,800.000000,140.000000,150.000000
184,0,880.000000,140.000000,150.000000
177,0,960.000000,140.000000,150.000000
170,0,1040.000000,140.000000,150.000000
163,0,1120.000000,140.000000,150.000000
156,0,1200.000000,140.000000,150.000000
227,0,0.000000,200.000000,150.000000
-1,6,80.000000,200.000000,150.000000
220,0,160.000000,200.000000,150.000000
-1,6,240.000000,200.000000,150.000000
213,0,320.000000,200.000000,150.000000
-1,6,400.000000,200.000000,150.000000
206,0,480.000000,200.000000,150.000000
-1,6,560.000000,200.000000,150.000000
199,0,640.000000,200.000000,150.000000
-1,6,720.000000,200.000000,150.000000
192,0,800.000000,200.000000,150.000000
185,0,880.000000,200.000000,150.000000
178,0,960.000000,200.000000,150.000000
171,0,1040.000000,200.000000,150.000000
164,0,1120.000000,200.000000,150.000000
157,0,1200.000000,200.000000,150.000000
228,0,0.000000,260.000000,150.000000
-1,6,80.000000,260.000000,150.000000
221,0,160.000000,260.000000,150.000000
-1,6,240.000000,260.000000,150.000000
214,0,320.000000,260.000000,150.000000
-1,6,400.000000,260.000000,150.000000
207,0,480.000000,260.000000,150.000000
-1,6,560.000000,260.000000,150.000000
200,0,640.000000,260.000000,150.000000
-1,6,720.000000,260.000000,150.000000
193,0,800.000000,260.000000,150.000000
186,0,880.000000,260.000000,150.000000
179,0,960.000000,260.000000,150.000000
172,0,1040.000000,260.000000,150.000000
165,0,1120.000000,260.000000,150.000000
158,0,1200.000000,260.000000,150.000000
229,0,0.000000,320.000000,150.000000
-1,6,80.000000,320.000000,150.000000
222,0,160.000000,320.000000,150.000000
-1,6,240.000000,320.000000,150.000000
215,0,320.000000,320.000000,150.000000
-1,6,400.000000,320.000000,150.000000
208,0,480.000000,320.000000,150.000000
-1,6,560.000000,320.000000,150.000000
201,0,640.000000,320.000000,150.000000
-1,6,720.000000,320.000000,150.000000
194,0,800.000000,320.000000,150.000000
187,0,880.000000,320.000000,150.000000
180,0,960.000000,320.000000,150.000000
173,0,1040.000000,320.000000,150.000000
166,0,1120.000000,320.000000,150.000000
159,0,1200.000000,320.000000,150.000000
230,0,0.000000,380.000000,150.000000
-1,6,80.000000,380.000000,150.000000
223,0,160.000000,380.000000,150.000000
-1,6,240.000000,380.000000,150.000000
216,0,320.000000,380.000000,150.000000
-1,6,400.000000,380.000000,150.000000
209,0,480.000000,380.000000,150.000000
-1,6,560.000000,380.000000,150.000000
202,0,640.000000,380.000000,150.000000
-1,6,720.000000,380.000000,150.000000
195,0,800.000000,380.000000,150.000000
188,0,880.000000,380.000000,150.000000
181,0,960.000000,380.000000,150.000000
174,0,1040.000000,380.000000,150.000000
167,0,1120.000000,380.000000,150.000000
160,0,1200.000000,380.000000,150.000000
147,0,0.000000,20.000000,210.000000
-1,6,80.000000,20.000000,210.000000
140,0,160.000000,20.000000,210.000000
-1,6,240.000000,20.000000,210.000000
133,0,320.000000,20.000000,210.000000
-1,6,400.000000,20.000000,210.000000
126,0,480.000000,20.000000,210.000000
-1,6,560.000000,20.000000,210.000000
119,0,640.000000,20.000000,210.000000
-1,6,720.000000,20.000000,210.000000
112,0,800.000000,20.000000,210.000000
105,0,880.000000,20.000000,210.000000
98,0,960.000000,20.000000,210.000000
91,0,1040.000000,20.000000,210.000000
84,0,1120.000000,20.000000,210.000000
77,0,1200.000000,20.000000,210.000000
148,0,0.000000,80.000000,210.000000
-1,6,80.000000,80.000000,210.000000
141,0,160.000000,80.000000,210.000000
-1,6,240.000000,80.000000,210.000000
134,0,320.000000,80.000000,210.000000
-1,6,400.000000,80.000000,210.000000
127,0,480.000000,80.000000,210.000000
-1,6,560.000000,80.000000,210.000000
120,0,640.000000,80.000000,210.000000
-1,6,720.000000,80.000000,210.000000
113,0,800.000000,80.000000,210.000000
106,0,880.000000,80.000000,210.000000
99,0,960.000000,80.000000,210.000000
92,0,1040.000000,80.000000,210.000000
85,0,1120.000000,80.000000,210.000000
78,0,1200.000000,80.000000,210.000000
149,0,0.000000,140.000000,210.000000
-1,6,80.000000,140.000000,210.000000
142,0,160.000000,140.000000,210.000000
-1,6,240.000000,140.000000,210.000000
135,0,320.000000,140.000000,210.000000
-1,6,400.000000,140.000000,210.000000
128,0,480.000000,140.000000,210.000000
-1,6,560.000000,140.000000,210.000000
121,0,640.000000,140.000000,210.000000
-1,6,720.000000,140.000000,210.000000
114,0,800.000000,140.000000,210.000000
107,0,880.000000,140.000000,210.000000
100,0,960.000000,140.000000,210.000000
93,0,1040.000000,140.000000,210.000000
86,0,1120.000000,140.000000,210.000000
79,0,1200.000000,140.000000,210.000000
150,0,0.000000,200.000000,210.000000
-1,6,80.000000,200.000000,210.000000
143,0,160.000000,200.000000,210.000000
-1,6,240.000000,200.000000,210.000000
136,0,320.000000,200.000000,210.000000
-1,6,400.000000,200.000000,210.000000
129,0,480.000000,200.000000,210.000000
-1,6,560.000000,200.000000,210.000000
122,0,640.000000,200.000000,210.000000
-1,6,720.000000,200.000000,210.000000
115,0,800.000000,200.000000,210.000000
108,0,880.000000,200.000000,210.000000
101,0,960.000000,200.000000,210.000000
94,0,1040.000000,200.000000,210.000000
87,0,1120.000000,200.000000,210.000000
80,0,1200.000000,200.000000,210.000000
151,0,0.000000,260.000000,210.000000
-1,6,80.000000,260.000000,210.000000
144,0,160.000000,260.000000,210.000000
-1,6,240.000000,260.000000,210.000000
137,0,320.000000,260.000000,210.000000
-1,6,400.000000,260.000000,210.000000
130,0,480.000000,260.000000,210.000000
-1,6,560.000000,260.000000,210.000000
123,0,640.000000,260.000000,210.000000
-1,6,720.000000,260.000000,210.000000
116,0,800.000000,260.000000,210.000000
109,0,880.000000,260.000000,210.000000
102,0,960.000000,260.000000,210.000000
95,0,1040.000000,260.000000,210.000000
88,0,1120.000000,260.000000,210.000000
81,0,1200.000000,260.000000,210.000000
152,0,0.000000,320.000000,210.000000
-1,6,80.000000,320.000000,210.000000
145,0,160.000000,320.000000,210.000000
-1,6,240.000000,320.000000,210.000000
138,0,320.000000,320.000000,210.000000
-1,6,400.000000,320.000000,210.000000
131,0,480.000000,320.000000,210.000000
-1,6,560.000000,320.000000,210.000000
124,0,640.000000,320.000000,210.000000
-1,6,720.000000,320.000000,210.000000
117,0,800.000000,320.000000,210.000000
110,0,880.000000,320.000000,210.000000
103,0,960.000000,320.000000,210.000000
96,0,1040.000000,320.000000,210.000000
89,0,1120.000000,320.000000,210.000000
82,0,1200.000000,320.000000,210.000000
153,0,0.000000,380.000000,210.000000
-1,6,80.000000,380.000000,210.000000
146,0,160.000000,380.000000,210.000000
-1,6,240.000000,380.000000,210.000000
139,0,320.000000,380.000000,210.000000
-1,6,400.000000,380.000000,210.000000
132,0,480.000000,380.000000,210.000000
-1,6,560.000000,380.000000,210.000000
125,0,640.000000,380.000000,210.000000
-1,6,720.000000,380.000000,210.000000
118,0,800.000000,380.000000,210.000000
111,0,880.000000,380.000000,210.000000
104,0,960.000000,380.000000,210.000000
97,0,1040.000000,380.000000,210.000000
90,0,1120.000000,380.000000,210.000000
83,0,1200.000000,380.000000,210.000000
70,0,0.000000,20.000000,270.000000
-1,6,80.000000,20.000000,270.000000
63,0,160.000000,20.000000,270.000000
-1,6,240.000000,20.000000,270.000000
56,0,320.000000,20.000000,270.000000
-1,6,400.000000,20.000000,270.000000
49,0,480.000000,20.000000,270.000000
-1,6,560.000000,20.000000,270.000000
42,0,640.000000,20.000000,270.000000
-1,6,720.000000,20.000000,270.000000
35,0,800.000000,20.000000,270.000000
28,0,880.000000,20.000000,270.000000
21,0,960.000000,20.000000,270.000000
14,0,1040.000000,20.000000,270.000000
7,0,1120.000000,20.000000,270.000000
0,0,1200.000000,20.000000,270.000000
71,0,0.000000,80.000000,270.000000
-1,6,80.000000,80.000000,270.000000
64,0,160.000000,80.000000,270.000000
-1,6,240.000000,80.000000,270.000000
57,0,320.000000,80.000000,270.000000
-1,6,400.000000,80.000000,270.000000
50,0,480.000000,80.000000,270.000000
-1,6,560.000000,80.000000,270.000000
43,0,640.000000,80.000000,270.000000
-1,6,720.000000,80.000000,270.000000
36,0,800.000000,80.000000,270.000000
29,0,880.000000,80.000000,270.000000
22,0,960.000000,80.000000,270.000000
15,0,1040.000000,80.000000,270.000000
8,0,1120.000000,80.000000,270.000000
1,0,1200.000000,80.000000,270.000000
72,0,0.000000,140.000000,270.000000
-1,6,80.000000,140.000000,270.000000
65,0,160.000000,140.000000,270.000000
-1,6,240.000000,140.000000,270.000000
58,0,320.000000,140.000000,270.000000
-1,6,400.000000,140.000000,270.000000
51,0,480.000000,140.000000,270.000000
-1,6,560.000000,140.000000,270.000000
44,0,640.000000,140.000000,270.000000
-1,6,720.000000,140.000000,270.000000
37,0,800.000000,140.000000,270.000000
30,0,880.000000,140.000000,270.000000
23,0,960.000000,140.000000,270.000000
16,0,1040.000000,140.000000,270.000000
9,0,1120.000000,140.000000,270.000000
2,0,1200.000000,140.000000,270.000000
73,0,0.000000,200.000000,270.000000
-1,6,80.000000,200.000000,270.000000
66,0,160.000000,200.000000,270.000000
-1,6,240.000000,200.000000,270.000000
59,0,320.000000,200.000000,270.000000
-1,6,400.000000,200.000000,270.000000
52,0,480.000000,200.000000,270.000000
-1,6,560.000000,200.000000,270.000000
45,0,640.000000,200.000000,270.000000
-1,6,720.000000,200.000000,270.000000
38,0,800.000000,200.000000,270.000000
31,0,880.000000,200.000000,270.000000
24,0,960.000000,200.000000,270.000000
17,0,1040.000000,200.000000,270.000000
10,0,1120.000000,200.000000,270.000000
3,0,1200.000000,200.000000,270.000000
74,0,0.000000,260.000000,270.000000
-1,6,80.000000,260.000000,270.000000
67,0,160.000000,260.000000,270.000000
-1,6,240.000000,260.000000,270.000000
60,0,320.000000,260.000000,270.000000
-1,6,400.000000,260.000000,270.000000
53,0,480.000000,260.000000,270.000000
-1,6,560.000000,260.000000,270.000000
46,0,640.000000,260.000000,270.000000
-1,6,720.000000,260.000000,270.000000
39,0,800.000000,260.000000,270.000000
32,0,880.000000,260.000000,270.000000
25,0,960.000000,260.000000,270.000000
18,0,1040.000000,260.000000,270.000000
11,0,1120.000000,260.000000,270.000000
4,0,1200.000000,260.000000,270.000000
75,0,0.000000,320.000000,270.000000
-1,6,80.000000,320.000000,270.000000
68,0,160.000000,320.000000,270.000000
-1,6,240.000000,320.000000,270.000000
61,0,320.000000,320.000000,270.000000
-1,6,400.000000,320.000000,270.000000
54,0,480.000000,320.000000,270.000000
-1,6,560.000000,320.000000,270.000000
47,0,640.000000,320.000000,270.000000
-1,6,720.000000,320.000000,270.000000
40,0,800.000000,320.000000,270.000000
33,0,880.000000,320.000000,270.000000
26,0,960.000000,320.000000,270.000000
19,0,1040.000000,320.000000,270.000000
12,0,1120.000000,320.000000,270.000000
5,0,1200.000000,320.000000,270.000000
76,0,0.000000,380.000000,270.000000
-1,6,80.000000,380.000000,270.000000
69,0,160.000000,380.000000,270.000000
-1,6,240.000000,380.000000,270.000000
62,0,320.000000,380.000000,270.000000
-1,6,400.000000,380.000000,270.000000
55,0,480.000000,380.000000,270.000000
-1,6,560.000000,380.000000,270.000000
48,0,640.000000,380.000000,270.000000
-1,6,720.000000,380.000000,270.000000
41,0,800.000000,380.000000,270.000000
34,0,880.000000,380.000000,270.000000
27,0,960.000000,380.000000,270.000000
20,0,1040.000000,380.000000,270.000000
13,0,1120.000000,380.000000,270.000000
6,0,1200.000000,380.000000,270.000000
[END]